protein_num,time0,time1,time2,time3,time4,time5,time6,time7,time8,time9,time10,time11,time12,time13,time14,time15,time16,time17,time18,time19,time20,time21,time22,time23,time24,time25,time26,time27,time28,time29,time30,time31,time32,time33,time34,time35,time36,time37,time38,time39,time40,time41,time42,time43,time44,time45,time46,time47,time48,time49,time50,time51,time52,time53,time54,time55,time56,time57,time58,time59,time60,time61,time62,time63,time64,time65,time66,time67,time68,time69,time70,time71,time72,time73,time74,time75,time76,time77,time78,time79,time80,time81,time82,time83,time84,time85,time86,time87,time88,time89,time90,time91,time92,time93,time94,time95,time96,time97,time98,time99,time100
0,0.00004553595965227238,0.003759212350375334,0.0188922339418642,0.034136148594407195,0.04246403437563872,0.04609153366673916,0.04759012043939894,0.04823838976859276,0.048557084445456984,0.04874522569071398,0.0488776439715673,0.04898272739587669,0.04907164901687479,0.04914917975740355,0.04921766955109463,0.04927851458880143,0.049332702023132155,0.04938101608186918,0.049424119529656245,0.04946258884176723,0.04949693182866809,0.04952759829111467,0.049554987638297285,0.04957945496456023,0.04960131618218657,0.04962085247394392,0.0496383142013459,0.04965392435311062,0.04966788159539777,0.04968036297328055,0.049691526305079656,0.04970151230578348,0.04971044647103441,0.04971844074941511,0.049725595027385834,0.049731998448382095,0.04973773058504519,0.04974286248120862,0.0497474575785428,0.04975157254082518,0.04975525798740372,0.04975855914603508,0.04976151643411355,0.04976416597636053,0.04976654006600205,0.049768667575694904,0.04977057432377828,0.04977228340085568,0.04977381546093162,0.04977518898116312,0.04977642049355732,0.04977752479171583,0.049778515115376114,0.049779403315138485,0.049780199999537714,0.049780914666379586,0.049781555820052496,0.04978213107634411,0.04978264725605183,0.04978311046866465,0.049783526187147584,0.049783899314803766,0.04978423424502295,0.04978453491472663,0.04978480485216635,0.04978504721968912,0.0497852648519098,0.04978546029000139,0.04978563581224845,0.04978579346145129,0.049785935069463993,0.049786062279105286,0.049786176563814,0.04978627924524332,0.04978637150899537,0.0497864544187242,0.049786528928777246,0.04978659589549824,0.04978665608733706,0.049786710193981815,0.04978675883443834,0.049786802564339795,0.04978684188248482,0.049786877236695726,0.04978690902902647,0.049786937620510244,0.04978696333534957,0.049786986464715674,0.04978700727010008,0.04978702598640771,0.0497870428246463,0.049787057974376776,0.04978707160589997,0.04978708387226256,0.04978709491096502,0.04978710484558595,0.04978711378718848,0.049787121835593896,0.0497871290805358,0.04978713560267051,0.04978714147451302
1,0.00045535823052850584,0.02100109607814354,0.07501713412826252,0.11531954076439359,0.134172665173405,0.1418523044152123,0.14493861436028557,0.14625739141613472,0.1469013007226318,0.14727971123903044,0.14754526755433156,0.14775564629239082,0.14793349402397976,0.14808846347801027,0.14822530118980884,0.14834682261382368,0.14845501533465874,0.14855145629638153,0.1486374767440533,0.1487142335244029,0.1487827448717461,0.14884391206677697,0.14889853491979266,0.14894732410705108,0.14899091157422317,0.1490298595461787,0.14906466842296037,0.14909578373676716,0.14912360229754265,0.1491484776296102,0.14917072478508123,0.149190624608673,0.1492084275184686,0.14922435685928784,0.14923861187837323,0.14925137036713867,0.14926279100753548,0.14927301545663663,0.14928217019970258,0.14929036819786545,0.14929771035376477,0.1493042868156598,0.14931017813812641,0.14931545631563703,0.14932018570310934,0.14932442383593755,0.1493282221607403,0.14933162668689717,0.14933467856718993,0.14933741461588224,0.14933986777070285,0.1493420675050725,0.14934404019601497,0.14934580945253112,0.14934739640875913,0.1493488199857365,0.14935009712520628,0.14935124299852284,0.1493522711931756,0.14935319387955207,0.14935402195994238,0.14935476520178792,0.14935543235670226,0.14935603126695995,0.14935656896073424,0.14935705173731367,0.14935748524309153,0.14935787453996002,0.14935822416611338,0.1493585381906592,0.14935882026253433,0.14935907365409454,0.1493593013003123,0.14935950583381413,0.14935968961621013,0.1493598547662048,0.1493600031847739,0.14936013657768166,0.14936025647559245,0.14936036425231605,0.14936046114084733,0.14936054824794834,0.14936062656718346,0.14936069699058427,0.14936076031899154,0.14936081727155875,0.14936086849406388,0.14936091456650277,0.149360956009727,0.14936099329166014,0.14936102683261032,0.1493610570101632,0.14936108416353863,0.14936110859760343,0.14936113058624528,0.1493611503756203,0.14936116818696,0.14936118421909877,0.14936119865078398,0.14936121164267133,0.1493612233392062
2,0.002276785061411696,0.05866057541509014,0.1489151623093713,0.19476069153120024,0.2119463259265167,0.21826066339972935,0.22068887532684164,0.22170593232832844,0.22219701162150068,0.22248346410424485,0.22268351863512162,0.2228415585108757,0.22297494336615664,0.22309105067447418,0.22319349820455456,0.22328442605476412,0.22336534126611401,0.2234374369704185,0.2235017186029937,0.2235590585588673,0.22361022369558567,0.22365589200739966,0.2236966645419087,0.22373307487769006,0.22376559709653573,0.22379465266960538,0.22382061647713555,0.22384382209996717,0.2238645664841367,0.22388311405971145,0.22389970038114654,0.2239145353479214,0.22392780605568863,0.2239396793220678,0.22395030392540483,0.22395981259037426,0.2239683237500243,0.22397594310984126,0.22398276503722114,0.2239888737960928,0.22399434464451193,0.22399924481074052,0.2240036343615523,0.22400756697513532,0.22401109062926797,0.22401424821404808,0.2240170780777398,0.22401961451342434,0.22402188819241164,0.2240239265510338,0.22402575413537357,0.22402739290885515,0.22402886252671383,0.2240301805809429,0.2240313628189297,0.2240324233386302,0.22403337476291577,0.22403422839536868,0.22403499435927196,0.22403568172193905,0.22403629860578383,0.2240368522876525,0.22403734928749286,0.2240377954477321,0.2240381960042326,0.2240385556498759,0.22403887859101623,0.22403916859862963,0.2240394290535003,0.22403966298693073,0.2240398731172468,0.22404006188219533,0.2240402314681875,0.22404038383640298,0.2240405207461175,0.22404064377564892,0.2240407543411264,0.22404085371326748,0.22404094303229466,0.22404102332165585,0.22404109549984677,0.22404116039133154,0.22404121873625918,0.22404127119918,0.22404131837664407,0.22404136080439496,0.22404139896349626,0.22404143328603762,0.2240414641599894,0.22404149193394993,0.22404151692103647,0.22404153940252344,0.22404155963109015,0.22404157783388942,0.2240415942149249,0.22404160895758218,0.2240416222266692,0.22404163417030515,0.22404164492165785,0.22404165460039818,0.22404166331412956
3,0.007589265660681827,0.10922953609376622,0.19703362555999618,0.21925332510042583,0.2231752331054128,0.22386067418713682,0.22399852331407627,0.22403223347804288,0.2240420080560044,0.22404516929990165,0.2240462242464828,0.22404652410187284,0.22404651780716878,0.224046370334122,0.2240461507521525,0.22404589300651792,0.22404561652538396,0.22404533366972068,0.22404505272834832,0.2240447793262495,0.2240445172146124,0.2240442687824771,0.22404403541825801,0.22404381777761453,0.22404361598488487,0.2240434297860324,0.22404325866467287,0.2240431019296024,0.22404295878046068,0.22404282835684985,0.22404270977411211,0.22404260214944297,0.2240425046202835,0.22404241635700567,0.22404233657115402,0.22404226452041925,0.224042199511335,0.224042140899861,0.22404208809097081,0.2240420405372487,0.22404199773690334,0.22404195923136017,0.22404192460248273,0.22404189346991038,0.22404186548835814,0.22404184034485525,0.2240418177560417,0.22404179746586095,0.22404177924296176,0.22404176287867134,0.22404174818485292,0.22404173499199037,0.22404172314747434,0.22404171251398938,0.22404170296803158,0.2240416943985306,0.2240416867056433,0.22404167979972556,0.22404167360020752,0.22404166803473388,0.22404166303832276,0.22404165855268593,0.22404165452545613,0.22404165090962896,0.2240416476630187,0.22404164474785979,0.2240416421300864,0.22404163977928965,0.22404163766810592,0.2240416357719633,0.2240416340689049,0.22404163253915418,0.22404163116497988,0.2240416299304935,0.22404162882141804,0.22404162782492798,0.22404162692955037,0.22404162612500012,0.22404162540193795,0.22404162475212921,0.22404162416808937,0.22404162364309205,0.2240416231711374,0.22404162274689363,0.2240416223654493,0.22404162202249217,0.22404162171410377,0.22404162143681763,0.22404162118741372,0.2240416209631146,0.22404162076138365,0.224041620579933,0.22404162041666809,0.22404162026981814,0.22404162013769036,0.22404162001880215,0.22404161991183077,0.2240416198155632,0.2240416197289414,0.22404161965097372,0.22404161958078087
4,0.018973125436717496,0.15253112371127198,0.19547686052859636,0.18509193580327452,0.17622897999193748,0.17218550805002797,0.17050273979979408,0.16977370141106857,0.16941516576730517,0.1692034838683148,0.16905449492777808,0.1689362627159582,0.16883621622187617,0.16874898714418113,0.16867193111179496,0.16860347691576832,0.16854251364425935,0.16848815876458592,0.16843966645481948,0.16839638801730503,0.16835775203978282,0.16832325240006793,0.16829243968891366,0.16826491436900318,0.16824032099648215,0.16821834320879223,0.16819869932558804,0.1681811384672741,0.16816543712195375,0.16815139610531715,0.16813883786595432,0.16812760409588262,0.1681175536104957,0.1681085604668526,0.16810051229275902,0.16809330880251913,0.16808686047810198,0.16808108739658795,0.16807591818765438,0.16807128910621208,0.16806714320722407,0.16806342961122328,0.16806010285026862,0.16805712228559733,0.16805445158885052,0.16805205827972355,0.1680499133138536,0.16804799071560766,0.1680462672503214,0.16804472213225288,0.16804333676386313,0.16804209450320848,0.1680409804563809,0.16803998129219458,0.16803908507672072,0.16803828112551955,0.16803755987166508,0.16803691274792545,0.16803633208134422,0.1680358109991403,0.16803534334457454,0.16803492360178704,0.16803454682850363,0.16803420859593296,0.16803390493501702,0.16803363228841323,0.16803338746726687,0.16803316761299603,0.16803297016267307,0.1680327928182484,0.16803263351906625,0.1680324904170546,0.16803236185468576,0.16803224634521083,0.16803214255490204,0.16803204928720716,0.16803196546856933,0.1680318901356897,0.16803182242404074,0.1680317615578385,0.16803170684071866,0.16803165764760095,0.16803161341737902,0.16803157364634688,0.16803153788215824,0.16803150571870515,0.1680314767912693,0.16803145077234838,0.16803142736770624,0.1680314063131402,0.16803138737128706,0.1680313703288967,0.16803135499434416,0.1680313411955366,0.16803132877775306,0.1680313176019845,0.1680313075432987,0.1680312984893918,0.1680312903393419,0.16803128300239162,0.16803127639696053
5,0.037946185225230265,0.17037143467878088,0.15509755907425907,0.12498303901818834,0.11131380478710592,0.10594030412033034,0.10381697388145207,0.10291679230800643,0.10247921940493337,0.10222283481178765,0.10204326057482573,0.10190115972502745,0.10178111060677081,0.10167654773258515,0.10158424619496614,0.10150229518381908,0.10142934710742994,0.10136433371159033,0.10130635383610072,0.10125462485791237,0.10120845829423697,0.10116724502616237,0.10113044473615326,0.10109757749906303,0.10106821669759981,0.10104198289366764,0.1010185384629367,0.10099758287180097,0.1009788485087459,0.10096209699966976,0.10094711594754015,0.10093371604562619,0.10092172851972366,0.10091100286069712,0.10090140481324635,0.10089281459112127,0.10088512529258546,0.1008782414928711,0.10087207799354,0.10086655871070195,0.1008616156863209,0.10085718820864932,0.10085322202941807,0.10084966866705194,0.10084648478618995,0.10084363164491733,0.10084107460223776,0.10083878267920657,0.1008367281674978,0.10083488628052391,0.10083323484215012,0.10083175400899995,0.10083042602267933,0.10082923498861006,0.1008281666785796,0.10082720835443251,0.10082634861062618,0.10082557723362945,0.10082488507622699,0.10082426394526849,0.10082370650132347,0.1008232061690252,0.1008227570568526,0.10082235388545342,0.10082199192354602,0.10082166693062351,0.10082137510554007,0.10082111304078967,0.1008208776813405,0.10082066628792759,0.10082047640422408,0.10082030582734307,0.10082015258153082,0.10082001489458835,0.1008198911767364,0.10081978000170695,0.1008196800898333,0.10081959029286551,0.10081950958033739,0.10081943702749896,0.10081937180430996,0.10081931316570186,0.10081926044284206,0.10081921303529431,0.10081917040389968,0.10081913206456984,0.10081909758257468,0.1008190665675145,0.10081903866869743,0.1008190135711774,0.10081899099201751,0.10081897067702765,0.10081895239781406,0.10081893594921236,0.10081892114681247,0.10081890782491497,0.10081889583459583,0.10081888504199565,0.10081887532680271,0.1008188665808486,0.10081885870689052
6,0.06324355197489762,0.1585339985014711,0.10250935834085118,0.07031735068864552,0.0585855159500431,0.05431265960700994,0.05267269036488622,0.051986097594166725,0.05165462025364529,0.05146127177284179,0.05132624054140426,0.051219567691249274,0.051129535862318144,0.051051165564722355,0.05098201501501118,0.050920639796831646,0.05086602276847743,0.05081735865000146,0.05077396883700901,0.05073526451242907,0.050700728085593436,0.050669901939816006,0.050642380390365525,0.05061780328888707,0.05059585064314226,0.05057623796980897,0.050558712231984576,0.05054304826790862,0.05052904564274728,0.05051652586889349,0.05050532994886364,0.05049531620162937,0.05048635833824102,0.05047834375708223,0.050471172032755196,0.05046475357588071,0.050459008443875554,0.05045386528509364,0.050449260401044645,0.050445136913053135,0.05044144402143777,0.050438136346660375,0.05043517334313908,0.050432518777581266,0.05043014026454926,0.05042800885281696,0.050426098656863254,0.05042438652854452,0.050422851764347715,0.0504214758444499,0.05042024219996097,0.05041913600529347,0.05041814399291844,0.05041725428803016,0.050416456260957414,0.05041574039538693,0.05041509817068843,0.050414521956831444,0.05041400492046132,0.05041354094101321,0.050413124535734315,0.0504127507926812,0.0504124153107956,0.05041211414634592,0.050411843765033215,0.05041160099917734,0.050411383009333705,0.050411187250099736,0.05041101143938597,0.05041085353098457,0.050410711690038475,0.05041058427101658,0.0504104697980574,0.05041036694734981,0.0504102745313513,0.05041019148466442,0.05041011685139586,0.050410049773819014,0.05040998948219869,0.05040993528575716,0.05040988656446969,0.050409842761786526,0.05040980337810034,0.05040976796488664,0.05040973611941145,0.05040970748006405,0.050409681722108954,0.05040965855391885,0.050409637713542337,0.05040961896571092,0.050409602099075336,0.05040958692375952,0.05040957326916146,0.050409560982017904,0.050409549924581444,0.05040953997307399,0.050409531016252,0.05040952295412406,0.05040951569681713,0.050409509163531,0.050409503281626876
7,0.09034782995279533,0.12637539331524433,0.05804480338201133,0.03390413429244055,0.02642626882458556,0.02386443964517969,0.022904340015410026,0.022506515474119897,0.02231553004058008,0.022204543015220245,0.022127217441340784,0.02206621672614797,0.022014773428444365,0.021970015872022727,0.021930537829125508,0.02189550858929598,0.021864343899129963,0.021836581682268662,0.021811832886401688,0.021789760181971648,0.021770067231844204,0.021752492181284923,0.02173680300601494,0.021722793815858624,0.021710281748903187,0.02169910429215435,0.02168911694207801,0.02168019115027464,0.021672212514302847,0.02166507918170786,0.02165870044041182,0.021652995472611007,0.02164789225231007,0.021643326569253274,0.021639241164185034,0.02163558496228159,0.021632312393229623,0.021629382787795044,0.021626759842054668,0.021624411141449255,0.02162230773779573,0.021620423773201145,0.021618736145533293,0.02161722421077104,0.02161586951805796,0.02161465557377461,0.021613567631388712,0.021612592504235938,0.021611718398620482,0.02161093476505966,0.0216102321656069,0.02160960215551575,0.02160903717766206,0.02160853046832629,0.021608075973092725,0.02160766827176242,0.021607302511307228,0.02160697434599623,0.021606679883889198,0.021606415639045844,0.021606178488812806,0.02160596563565448,0.021605774573018793,0.021605603054829694,0.021605449068205242,0.021605310809066715,0.02160518666028725,0.021605075172201556,0.02160497504511351,0.021604885113670858,0.02160480433288753,0.021604731765606427,0.021604666571300717,0.021604607996039443,0.021604555363500096,0.021604508066923586,0.021604465561914983,0.021604427359986442,0.021604393022765896,0.02160436215684395,0.021604334409109017,0.021604309462599416,0.021604287032782013,0.021604266864214423,0.021604248727535347,0.021604232416802264,0.021604217747073877,0.02160420455226295,0.021604192683186228,0.02160418200585387,0.02160417239989855,0.021604163757183614,0.02160415598054985,0.02160414898270857,0.02160414268521193,0.021604137017566204,0.02160413191641544,0.021604127324813458,0.021604123191575425,0.021604119470684354,0.02160411612077181
8,0.1129346941642569,0.08806304110479671,0.028741436047211293,0.014301199886288498,0.010428959559582613,0.009174178411898267,0.008714060996929675,0.008525201765779327,0.008435000590741945,0.008382759984964173,0.008346443411340072,0.008317830647917942,0.008293718557739574,0.008272749770946169,0.008254260441710367,0.008237858900023725,0.0082232699882258,0.008210276294897059,0.008198694910658964,0.008188367348095402,0.008179154458943103,0.008170933348396095,0.008163595170452542,0.00815704337749348,0.008151192251062596,0.008145965635808144,0.008141295835200346,0.008137122642792562,0.008133392489845005,0.008130057694001004,0.008127075796183506,0.008124408974789494,0.00812202352771717,0.008119889414024077,0.00811797984805809,0.008116270939821488,0.008114741376109914,0.008113372137624158,0.0081121462478808,0.008111048550222658,0.00811006550969255,0.008109185036916926,0.008108396331484354,0.008107689742615677,0.00810705664516262,0.008106489329207038,0.0081059809017363,0.008105525199055835,0.008105116708721006,0.008104750499958705,0.008104422161618389,0.00810412774683283,0.008103863723649386,0.008103626930976236,0.00810341453926089,0.008103224015386573,0.00810305309132802,0.00810289973616056,0.008102762131050085,0.008102638646912377,0.008102527824448787,0.008102428356304285,0.008102339071114371,0.00810225891924536,0.008102186960043915,0.008102122350436195,0.008102064334717867,0.008102012235442128,0.008101965445246915,0.008101923419551757,0.00810188567002464,0.008101851758724661,0.008101821292866945,0.008101793920133988,0.00810176932447579,0.008101747222350195,0.00810172735935778,0.008101709507224893,0.008101693461098793,0.008101679037136043,0.008101666070325865,0.008101654412550573,0.008101643930846184,0.008101634505842262,0.0081016260303577,0.008101618408153776,0.008101611552806556,0.00810160538670188,0.008101599840126065,0.008101594850464461,0.00810159036146834,0.008101586322604722,0.008101582688470775,0.008101579418275176,0.008101576475358979,0.008101573826779701,0.00810157144293059,0.008101569297200186,0.008101567365669065,0.008101565626833392,0.008101564061361333
9,0.12548292655557958,0.054459566497179604,0.01264089092144919,0.005361138614223486,0.0036580143529064634,0.0031346489539062733,0.0029466862724646346,0.002870227352096851,0.002833888039473096,0.0028129097934136214,0.0027983566343025216,0.0027869046228274717,0.0027772607079160115,0.002768877647949289,0.0027614881280686606,0.0027549346190182643,0.0027491065712032243,0.002743916713933335,0.0027392916802394217,0.002735167938746855,0.0027314897404913108,0.0027282078717380683,0.002725278763033416,0.00272266378233369,0.002720328642276883,0.0027182428899437117,0.002716379462257195,0.002714714296311239,0.002713225986791932,0.0027118954842400753,0.0027107058289267275,0.002709641915895179,0.002708690287325853,0.002707838948896896,0.002707077207242685,0.002706395525986714,0.0027057853981436795,0.002705239232955748,0.002704750255478423,0.0027043124174286047,0.0027039203179923723,0.002703569133445739,0.0027032545545789934,0.0027029727310387665,0.002702720221801978,0.0027024939510880384,0.0027022911690989704,0.0027021094170506417,0.002701946496008398,0.0027018004391137058,0.0027016694868192068,0.002701552064802858,0.0027014467642668136,0.002701352324357865,0.002701267616477867,0.002701191630277265,0.0027011234611495952,0.0027010622990640163,0.0027010074185878,0.0027009581699739557,0.002700913971196933,0.0027008743008352263,0.0027008386917079944,0.002700806725186792,0.0027007780261096167,0.0027007522582332914,0.002700729120161531,0.002700708341709736,0.0027006896806457963,0.0027006729197771692,0.0027006578643446705,0.0027006443396867365,0.0027006321891513956,0.002700621272226184,0.0027006114628629666,0.00270060264797873,0.002700594726113084,0.002700587606225388,0.0027005812066159198,0.0027005754539636486,0.0027005702824586695,0.002700565633028395,0.0027005614526437556,0.0027005576936971077,0.0027005543134422084,0.0027005512734969606,0.0027005485393934298,0.0027005460801772714,0.0027005438680452287,0.0027005418780249287,0.002700540087683125,0.0027005384768660607,0.0027005370274660783,0.0027005357232144905,0.0027005345494908466,0.0027005334931568914,0.002700532542404671,0.0027005316866209246,0.0027005309162658952,0.002700530222763376,0.0027005295984033014
10,0.1254828957059555,0.030232790460211354,0.004999129140591585,0.001808408544262305,0.0011546342379361416,0.0009638557541780336,0.000896712552772724,0.0008696382321209284,0.000856831261918746,0.0008494610622963923,0.0008443585237684164,0.0008403480454288408,0.0008369730467396357,0.0008340405357535551,0.0008314563509083612,0.0008291650663549427,0.0008271278260745546,0.0008253139826275179,0.0008236977895664888,0.0008222569653841265,0.0008209719681283372,0.0008198255545413607,0.000818802465168701,0.0008178891746995585,0.0008170736828170739,0.0008163453343323054,0.0008156946626041081,0.0008151132524236545,0.0008145936195655012,0.0008141291047747154,0.0008137137803275078,0.0008133423675834627,0.0008130101641643679,0.000812712979579834,0.0008124470782736334,0.0008122091291981725,0.0008119961611382722,0.0008118055231017316,0.0008116348491824528,0.0008114820273727213,0.0008113451718661093,0.0008112225984480648,0.0008111128026193148,0.0008110144401410563,0.0008109263097262624,0.0008108473376337251,0.0008107765639510302,0.0008107131303779784,0.0008106562693405141,0.0008106052942898409,0.0008105595910532209,0.000810518610120954,0.0008104818597666967,0.0008104488999090129,0.0008104193366330512,0.0008103928173004579,0.0008103690261831745,0.0008103476805647415,0.000810328527257154,0.0008103113394896726,0.0008102959141285483,0.0008102820691926284,0.000810269641632076,0.0008102584853429197,0.0008102484693917558,0.0008102394764283829,0.0008102314012647707,0.0008102241496059582,0.0008102176369127298,0.0008102117873848203,0.0008102065330513148,0.000810201812955487,0.0008101975724259951,0.0008101937624242041,0.0008101903389595573,0.0008101872625663301,0.0008101844978350816,0.0008101820129928328,0.0008101797795266035,0.0008101777718475399,0.0008101759669881433,0.000810174344332274,0.0008101728853729068,0.0008101715734950569,0.0008101703937804339,0.0008101693328337368,0.0008101683786257569,0.0008101675203534526,0.000810166748313601,0.0008101660537908487,0.000810165428956011,0.0008101648667754754,0.0008101643609297145,0.0008101639057409139,0.0008101634961066009,0.0008101631274414977,0.0008101627956246521,0.0008101624969520102,0.0008101622280942322,0.0008101619860581892,0.0008101617681530895
11,0.11407536398920555,0.015197493833337189,0.0017953068572852601,0.0005544346855220877,0.0003312860191626047,0.00026940270338831956,0.0002480527007390269,0.00023951729235976668,0.00023549848324233262,0.00023319279653210328,0.0002315996905668414,0.00023034899830238164,0.00022929718176412821,0.00022838364287212722,0.00022757884954349578,0.00022686543802126794,0.0002262312478394038,0.00022566669557180357,0.00022516373588912954,0.00022471541024553156,0.0002243156187302891,0.00022395898133936119,0.00022364073890166988,0.00022335667458107415,0.00022310304817449268,0.00022287653966219283,0.00022267420011066837,0.00022249340871480596,0.000222331835090554,0.00022218740610994956,0.0002220582766881228,0.00022194280402140383,0.0002218395248451798,0.00022174713533907862,0.0002216644733560875,0.00022159050269461794,0.0002215242991686116,0.00022146503826129646,0.000221411984176174,0.00022136448012100444,0.00022132193968127283,0.00022128383915691736,0.00022124971075134972,0.0002212191365154701,0.00022119174296053194,0.00022116719626394038,0.0002211451980011056,0.00022112548134461125,0.0002211078076777032,0.00022109196357670373,0.0002210777581208273,0.00022106502049334563,0.0002210535978420542,0.00022104335337038615,0.00022103416463392924,0.0002210259220198613,0.00022101852738943176,0.00022101189286575764,0.00022100593975093885,0.00022100059755878756,0.0002209958031505204,0.00022099149996237952,0.00022098763731513227,0.00022098416979688136,0.0002209810567111784,0.00022097826158359315,0.00022097575172002075,0.00022097349781215357,0.00022097147358398348,0.00022096965547575018,0.00022096802236117285,0.00022096655529412975,0.00022096523728207875,0.00022096405308321193,0.00022096298902474326,0.00022096203284025997,0.00022096117352410084,0.00022096040120084953,0.00022095970700836536,0.00022095908299332435,0.00022095852201718072,0.00022095801767220056,0.00022095756420619268,0.00022095715645502022,0.00022095678978191393,0.00022095646002345787,0.0002209561634408345,0.00022095589667632553,0.00022095565671405851,0.00022095544084519133,0.0002209552466363199,0.0002209550719013091,0.00022095491467597676,0.0002209547731955733,0.00022095464587419054,0.00022095453128666572,0.00022095442815214873,0.00022095433531937243,0.0002209542517535238,0.00022095417652430728,0.00022095410879538087
12,0.09506283333749167,0.006962207517379432,0.0005902201484006849,0.00015578166067700092,0.0000871215748639594,0.00006901814599141989,0.00006289420780508583,0.000060466604930021426,0.000059328802575494167,0.00005867798155511446,0.0000582291776918156,0.00005787723991017762,0.00005758145767299291,0.00005732466463325306,0.00005709850435289779,0.000056898069005534024,0.000056719924876741,0.000056561368150366294,0.00005642013049164581,0.00005629425109102113,0.000056182011931769285,0.00005608189841053306,0.00005599257121856017,0.000055912844076971515,0.00005584166511754493,0.00005577810089998938,0.00005572132252308562,0.0000556705934824034,0.000055625259020002804,0.00005558473676343116,0.00005554850848524046,0.00005551611284004368,0.00005548713895613248,0.00005546122077565823,0.00005543803205142125,0.000055417281920486706,0.0000553987109851423,0.00005538208784048076,0.00005536720599578459,0.00005535388114329501,0.000055341948733786774,0.000055331261823289546,0.00005532168915966059,0.00005531311348152751,0.000055305430005335714,0.000055298545079097294,0.000055292374984018166,0.00005528684486743295,0.0000552818877921731,0.000055277443889555944,0.00005527345960434232,0.000055269887021515405,0.000055266683265864375,0.00005526380996633519,0.00005526123277803552,0.00005525892095559575,0.00005525684697228819,0.00005525498617992817,0.000055253316505078305,0.000055251818177685016,0.000055250473488614833,0.00005524926657297877,0.00005524818321644119,0.00005524721068208153,0.00005524633755559253,0.00005524555360686505,0.000055244849666102424,0.00005524421751314792,0.00005524364977833813,0.00005524313985385155,0.00005524268181439375,0.000055242270346148446,0.00005524190068322712,0.00005524156855077103,0.00005524127011398548,0.00005524100193252698,0.00005524076091964958,0.000055240544305609055,0.00005524034960485569,0.00005524017458672996,0.00005524001724909601,0.00005523987579478743,0.000055239748610495524,0.00005523963424783979,0.000055239531406354045,0.000055239438918329576,0.0000552393557351438,0.00005523928091506069,0.00005523921361222308,0.00005523915306688408,0.00005523909859654604,0.000055239049588066615,0.000055239005490553695,0.000055238965809045595,0.00005523893009874376,0.000055238897959932365,0.000055238869033371674,0.00005523884299616527,0.00005523881955807651,0.000055238798458187035,0.00005523877946192669
13,0.07312529949123048,0.002919904968612303,0.00017882285719464312,0.00004039361292023349,0.000021146507485287104,0.000016320106638266014,0.000014719065736618627,0.000014089695583458198,0.00001379604147465984,0.000013628570447932254,0.000013513305927087043,0.000013423021199455431,0.000013347191259779632,0.000013281383296674189,0.000013223441868388691,0.000013172102447071314,0.000013126481183646853,0.000013085882669873164,0.00001304972388682646,0.000013017501137105221,0.000012988773304329986,0.000012963151664794348,0.000012940292613650346,0.000012919891909018578,0.000012901679862561487,0.000012885417214700423,0.00001287089155324512,0.000012857914184856351,0.000012846317392909039,0.000012835952028889506,0.000012826685393377323,0.000012818399369406686,0.00001281098877626913,0.000012804359916255007,0.000012798429290509055,0.00001279312246335282,0.000012788373057106338,0.00001278412186173072,0.000012780316045657945,0.0000127769084558404,0.000012773856996563537,0.000012771124077844321,0.000012768676125359588,0.000012766483144838349,0.000012764518334680074,0.000012762757741303703,0.000012761179952390287,0.000012759765823766555,0.000012758498236115604,0.000012757361878224166,0.000012756343053779803,0.000012755429509119691,0.000012754610279614992,0.000012753875552634244,0.000012753216545263483,0.00001275262539516993,0.00001275209506317312,0.000012751619246253568,0.000012751192299848075,0.000012750809168443882,0.000012750465323565361,0.000012750156708358356,0.000012749879688053561,0.000012749631005687783,0.000012749407742514729,0.000012749207282606846,0.000012749027281175106,0.000012748865636265842,0.000012748720463406398,0.00001274859007293629,0.000012748472949722953,0.000012748367734994743,0.00001274827321008941,0.000012748188281904193,0.000012748111969864631,0.00001274804339425864,0.000012747981765791763,0.000012747926376228288,0.000012747876590002681,0.000012747831836725735,0.000012747791604442808,0.000012747755433610821,0.00001274772291170009,0.000012747693668352925,0.00001274766737103479,0.00001274764372115703,0.000012747622450582303,0.000012747603318504003,0.000012747586108633036,0.000012747570626697576,0.000012747556698180254,0.000012747544166296974,0.000012747532890182038,0.000012747522743270625,0.000012747513611825715,0.00001274750539363751,0.000012747497996846046,0.000012747491338884924,0.000012747485345539068,0.000012747479950089624,0.000012747475092555806
14,0.05223240153848887,0.0011242443189929839,0.00005020883008646843,0.000009723094252308847,0.000004765610429043712,0.000003583098468013516,0.000003198383545227244,0.000003048405408817714,0.0000029787397302404945,0.000002939126022148904,0.000002911913368115749,0.0000028906219958571276,0.000002872750815728839,0.0000028572476773293548,0.00000284360154262703,0.0000028315129272368206,0.000002820772707134877,0.0000028112164754947062,0.000002802706485803205,0.000002795123797214429,0.0000027883642955284283,0.000002782336270562671,0.000002776958686830737,0.0000027721598159318937,0.000002767876094749613,0.0000027640511470255557,0.000002760634934532843,0.000002757583016143839,0.0000027548558988656033,0.0000027524184681763046,0.0000027502394871442977,0.000002748291155437269,0.0000027465487205974094,0.0000027449901350257217,0.0000027435957530032946,0.000002742348062836867,0.0000027412314498605856,0.0000027402319865717708,0.0000027393372466665357,0.0000027385361401393665,0.000002737818766970382,0.000002737176287228035,0.0000027366008056824807,0.000002736085269258481,0.000002735623375854715,0.0000027352094932314836,0.000002734838586825233,0.0000027345061554861154,0.0000027342081742392955,0.0000027339410432939396,0.0000027337015425959487,0.0000027334867913118324,0.0000027332942116985794,0.0000027331214968744215,0.000002732966582061977,0.000002732827618923501,0.0000027327029526500743,0.000002732591101506206,0.0000027324907385587243,0.000002732400675357583,0.000002732319847354935,0.0000027322473008762674,0.0000027321821814736823,0.000002732123723515693,0.000002732071240879856,0.000002732024118630506,0.000002731981805571268,0.0000027319438075908197,0.000002731909681702696,0.000002731879030715996,0.0000027318514984668376,0.0000027318267655477667,0.000002731804545487286,0.0000027317845813294307,0.000002731766642570477,0.00000273175052241655,0.0000027317360353283896,0.000002731723014821129,0.0000027317113114926463,0.0000027317007912617235,0.0000027316913337833363,0.0000027316828310328824,0.0000027316751860371407,0.0000027316683117361614,0.000002731662129961156,0.000002731656570522948,0.0000027316515703904863,0.0000027316470729572873,0.000002731643027380361,0.0000027316393879921137,0.0000027316361137686835,0.0000027316331678547303,0.0000027316305171369414,0.000002731628131863586,0.000002731625985298382,0.000002731624053414776,0.0000027316223146191494,0.00000273162074950254,0.0000027316193406190325,0.0000027316180722849725,0.00000273161693040055
15,0.03482163996418244,0.0003978370916633079,0.000013123878260913957,0.000002183673757669779,0.0000010022665404327598,7.341611128304429e-7,6.486090722573119e-7,6.155318725968808e-7,6.002351390322917e-7,5.915623011377351e-7,5.856157688311264e-7,5.80968316255336e-7,5.770698806041346e-7,5.736893310872799e-7,5.707145289132362e-7,5.680798278061354e-7,5.65739432057834e-7,5.636573667390314e-7,5.618035098777634e-7,5.601518657828222e-7,5.586796897943894e-7,5.573669551866923e-7,5.561959726941829e-7,5.551510897970385e-7,5.542184398562186e-7,5.533857273218087e-7,5.526420415411193e-7,5.519776943549156e-7,5.51384077949391e-7,5.508535401562736e-7,5.503792748721738e-7,5.499552256304206e-7,5.495760006416899e-7,5.49236797856875e-7,5.489333388023198e-7,5.486618101062884e-7,5.484188117777224e-7,5.482013114200739e-7,5.480066036698891e-7,5.478322742382301e-7,5.476761680122641e-7,5.475363607412209e-7,5.47411133889583e-7,5.472989522920804e-7,5.471984442882601e-7,5.471083840529016e-7,5.470276758729909e-7,5.469553401517739e-7,5.468905009438979e-7,5.468323748519354e-7,5.467802611309157e-7,5.467335328671383e-7,5.466916291124145e-7,5.466540478679279e-7,5.466203398243787e-7,5.465901027754492e-7,5.465629766309792e-7,5.465386389647014e-7,5.465168010375804e-7,5.464972042460758e-7,5.464796169488491e-7,5.464638316311999e-7,5.46449662370549e-7,5.464369425708969e-7,5.464255229373939e-7,5.464152696652859e-7,5.46406062819322e-7,5.46397794885654e-7,5.463903694749298e-7,5.463837001626202e-7,5.463777094513338e-7,5.463723278415839e-7,5.463674930004462e-7,5.463631490172959e-7,5.463592457372416e-7,5.46355738164416e-7,5.463525859276868e-7,5.463497528019656e-7,5.463472062791878e-7,5.463449171848801e-7,5.463428593334481e-7,5.463410092200822e-7,5.463393457445531e-7,5.463378499636684e-7,5.463365048688653e-7,5.463352951877841e-7,5.463342072056618e-7,5.463332286055567e-7,5.463323483246564e-7,5.463315564262266e-7,5.463308439839244e-7,5.46330202978467e-7,5.463296262047725e-7,5.463291071891737e-7,5.463286401141833e-7,5.463282197518702e-7,5.463278414036865e-7,5.463275008464659e-7,5.463271942841481e-7,5.463269183041338e-7,5.463266698384605e-7
16,0.021763554819002974,0.00012926284639457037,0.000003204467355762891,4.5954285704927327e-7,1.9758392979362234e-7,1.410102520314518e-7,1.2330209725178688e-7,1.1651150723249554e-7,1.1338487788271324e-7,1.1161725557405657e-7,1.104075539884812e-7,1.0946316049246514e-7,1.0867146660876107e-7,1.0798520949514658e-7,1.0738148331998175e-7,1.0684689319425955e-7,1.063721034688767e-7,1.0594978616001713e-7,1.0557380935935134e-7,1.0523888392075861e-7,1.049403842603631e-7,1.0467423917057012e-7,1.0443685390636264e-7,1.0422504864026723e-7,1.0403600715893698e-7,1.0386723297234973e-7,1.0371651129667768e-7,1.0358187591838587e-7,1.0346158021058949e-7,1.033540717225786e-7,1.0325796986270846e-7,1.0317204626989732e-7,1.0309520752763994e-7,1.030264799235688e-7,1.0296499599824845e-7,1.0290998266167522e-7,1.028607506853622e-7,1.0281668540284366e-7,1.0277723847349116e-7,1.0274192058267111e-7,1.0271029496750166e-7,1.0268197167120292e-7,1.0265660244105977e-7,1.0263387619554321e-7,1.02613514995e-7,1.0259527045818568e-7,1.0257892057394907e-7,1.025642668634107e-7,1.0255113185284092e-7,1.0253935682272065e-7,1.025287998018542e-7,1.0251933377938242e-7,1.0251084511053082e-7,1.0250323209465639e-7,1.0249640370663569e-7,1.0249027846474693e-7,1.0248478342013934e-7,1.0247985325464067e-7,1.0247542947499377e-7,1.0247145969318777e-7,1.0246789698350325e-7,1.0246469930799652e-7,1.0246182900299074e-7,1.0245925232007263e-7,1.0245693901574256e-7,1.0245486198449935e-7,1.024529969305308e-7,1.0245132207432809e-7,1.0244981788996275e-7,1.0244846687014494e-7,1.0244725331600835e-7,1.0244616314886048e-7,1.0244518374177675e-7,1.0244430376882031e-7,1.0244351307001347e-7,1.0244280253045705e-7,1.0244216397210127e-7,1.024415900567633e-7,1.0244107419923386e-7,1.0244061048958863e-7,1.0244019362336968e-7,1.0243981883916597e-7,1.0243948186267462e-7,1.0243917885653392e-7,1.0243890637529166e-7,1.0243866132519946e-7,1.024384409280287e-7,1.0243824268871378e-7,1.024380643662389e-7,1.0243790394769395e-7,1.0243775962485461e-7,1.0243762977323217e-7,1.0243751293327994e-7,1.0243740779360718e-7,1.0243731317574953e-7,1.0243722802067016e-7,1.0243715137657254e-7,1.0243708238795579e-7,1.0243702028584002e-7,1.0243696437892212e-7,1.0243691404571651e-7
17,0.012802111708331477,0.00003838970631720727,7.320181143599962e-7,9.092209496095832e-8,3.664816845665941e-8,2.5486575961466118e-8,2.2058809507927735e-8,2.0754952593972905e-8,2.0157183554140447e-8,1.9820187415902585e-8,1.958998038896807e-8,1.9410454250784167e-8,1.9260047584738664e-8,1.9129720948167093e-8,1.901509802791001e-8,1.8913622283180202e-8,1.8823513548999356e-8,1.874337553850887e-8,1.867204057828883e-8,1.8608501992102663e-8,1.8551879786750023e-8,1.8501399737560562e-8,1.8456378466454544e-8,1.841621166144575e-8,1.8380364263750112e-8,1.8348362079221095e-8,1.831978451782949e-8,1.829425826979897e-8,1.8271451777759953e-8,1.825107039325351e-8,1.823285212516544e-8,1.8216563902195726e-8,1.8201998282855528e-8,1.818897055596706e-8,1.817731618251612e-8,1.8166888536410557e-8,1.8157556907368282e-8,1.814920473396536e-8,1.8141728039111512e-8,1.8135034043705134e-8,1.8129039937334414e-8,1.8123671787525334e-8,1.8118863571336347e-8,1.8114556315113304e-8,1.8110697329916082e-8,1.8107239531634464e-8,1.810414083613832e-8,1.81013636209764e-8,1.8098874246057276e-8,1.8096642626746417e-8,1.8094641853468305e-8,1.80928478526542e-8,1.8091239084446647e-8,1.8089796273089305e-8,1.8088502166400712e-8,1.8087341321140797e-8,1.8086299911432852e-8,1.8085365557732226e-8,1.8084527174079658e-8,1.8083774831681308e-8,1.8083099637029878e-8,1.8082493623006832e-8,1.8081949651545363e-8,1.8081461326630787e-8,1.8081022916521802e-8,1.8080629284204944e-8,1.8080275825170897e-8,1.8079958411805965e-8,1.8079673343598454e-8,1.8079417302611315e-8,1.8079187313639177e-8,1.807898070853168e-8,1.8078795094275584e-8,1.8078628324418165e-8,1.807847847347707e-8,1.807834381403098e-8,1.807822279620622e-8,1.8078114029299245e-8,1.8078016265307488e-8,1.8077928384204796e-8,1.807784938071159e-8,1.8077778352464743e-8,1.807771448941431e-8,1.8077657064318823e-8,1.8077605424209963e-8,1.807755898277215e-8,1.807751721348595e-8,1.8077479643495345e-8,1.807744584809195e-8,1.8077415445796104e-8,1.8077388093919045e-8,1.807736348459337e-8,1.8077341341210828e-8,1.8077321415240432e-8,1.807730348334366e-8,1.8077287344814635e-8,1.8077272819272065e-8,1.807725974458366e-8,1.8077247975014096e-8,1.807723737955002e-8,1.807722784040873e-8
18,0.007112297324512611,0.000010292101192061077,1.559071751545133e-7,1.6931814240661932e-8,6.412727228070818e-9,4.348571837019995e-9,3.726180207491773e-9,3.491258102506976e-9,3.38398840593442e-9,3.323671110785951e-9,3.2825364690866345e-9,3.2504891794510996e-9,3.223654997803777e-9,3.2004113335446026e-9,3.179973383124265e-9,3.1618831083578015e-9,3.1458218324669043e-9,3.131539768543437e-9,3.118828143027501e-9,3.107507051696184e-9,3.09741929354411e-9,3.088426611331188e-9,3.0804070096783027e-9,3.0732526388275386e-9,3.0668680330375287e-9,3.0611686057349756e-9,3.056079347919477e-9,3.0515336952082722e-9,3.0474725380771816e-9,3.04384335510291e-9,3.0405994525102473e-9,3.037699295962807e-9,3.0351059226061536e-9,3.032786423091614e-9,3.0307114847357246e-9,3.0288549881835234e-9,3.0271936509692184e-9,3.0257067122355204e-9,3.0243756536367923e-9,3.023183952079317e-9,3.022116860513034e-9,3.021161213462182e-9,3.0203052543958967e-9,3.019538482401142e-9,3.0188515159250617e-9,3.018235971624039e-9,3.017684356594755e-9,3.017189972471306e-9,3.01674683003806e-9,3.0163495731851737e-9,3.015993411153773e-9,3.015674058148501e-9,3.0153876794997285e-9,3.0151308436497208e-9,3.0149004793199133e-9,3.014693837290911e-9,3.014508456289221e-9,3.014342132533393e-9,3.0141928925372936e-9,3.0140589688203585e-9,3.013938778208282e-9,3.0138309024442463e-9,3.013734070859776e-9,3.0136471448856847e-9,3.0135691042052312e-9,3.0134990343729213e-9,3.013436115737166e-9,3.0133796135406688e-9,3.0133288690559835e-9,3.0132832916589055e-9,3.0132423517354516e-9,3.0132055743309718e-9,3.013172533468333e-9,3.0131428470604738e-9,3.0131161723555653e-9,3.0130922018582834e-9,3.0130706596785562e-9,3.0130512982599868e-9,3.013033895448223e-9,3.0130182518697337e-9,3.0130041885769165e-9,3.0129915449421e-9,3.012980176770071e-9,3.0129699546062208e-9,3.012960762217065e-9,3.0129524952339367e-9,3.0129450599322518e-9,3.0129383721399453e-9,3.012932356255666e-9,3.012926944372981e-9,3.0129220754905105e-9,3.012917694805549e-9,3.0129137530795856e-9,3.012910206072068e-9,3.0129070140269636e-9,3.0129041412170813e-9,3.0129015555329357e-9,3.012899228113673e-9,3.0128971330172596e-9,3.0128952469222156e-9,3.012893548862219e-9
19,0.003370448054765797,0.000002303167167543404,2.8628221131986164e-8,2.770775039456033e-9,9.978028587865357e-10,6.649571373877155e-10,5.673610655299885e-10,5.318022805690719e-10,5.164126250935072e-10,5.082896604915765e-10,5.030195315338463e-10,4.990161495284591e-10,4.956867583626376e-10,4.927958914111603e-10,4.902388030563036e-10,4.879598322432475e-10,4.859227762940868e-10,4.841000343987e-10,4.824685446280363e-10,4.810081872360814e-10,4.797010888753041e-10,4.78531261157449e-10,4.774843683914104e-10,4.765475500640631e-10,4.757092708566732e-10,4.749591880096428e-10,4.742880319465733e-10,4.736874982382458e-10,4.731501497551227e-10,4.726693281310686e-10,4.722390737663288e-10,4.718540536548501e-10,4.715094963598165e-10,4.712011335017193e-10,4.709251471627717e-10,4.70678122653834e-10,4.704570061310202e-10,4.70259066589762e-10,4.700818618052659e-10,4.69923207824579e-10,4.69781151651865e-10,4.696539468015232e-10,4.695400314246773e-10,4.694380087437736e-10,4.693466295552492e-10,4.692647765842015e-10,4.691914504970593e-10,4.691257573987629e-10,4.690668976563671e-10,4.690141559105892e-10,4.689668921482511e-10,4.689245337236913e-10,4.688865682282162e-10,4.688525371174935e-10,4.688220300160003e-10,4.687946796266961e-10,4.687701571813462e-10,4.687481683741287e-10,4.687284497263764e-10,4.687107653372566e-10,4.6869490397887e-10,4.686806764992664e-10,4.686679135002514e-10,4.686564632610989e-10,4.686461898819137e-10,4.686369716233757e-10,4.686286994210257e-10,4.686212755577504e-10,4.686146124749737e-10,4.686086317097994e-10,4.686032629442214e-10,4.68598443153804e-10,4.685941158463988e-10,4.68590230380716e-10,4.685867413563127e-10,4.685836080677264e-10,4.685807940158992e-10,4.685782664706296e-10,4.685759960786735e-10,4.685739565135283e-10,4.68572124160901e-10,4.685704778376267e-10,4.685689985398657e-10,4.685676692175162e-10,4.68566474571691e-10,4.685654008741387e-10,4.685644358046939e-10,4.685635683061413e-10,4.685627884535776e-10,4.685620873381748e-10,4.685614569622091e-10,4.685608901453415e-10,4.685603804404739e-10,4.685599220587462e-10,4.685595098014516e-10,4.685591389997786e-10,4.685588054604116e-10,4.685585054167275e-10,4.685582354852426e-10,4.68557992626216e-10,4.685577741086442e-10
20,0.0008558958453578345,2.962428415862321e-7,3.033928493446665e-9,2.6807203598858294e-10,9.424612272490086e-11,6.310812676321384e-11,5.4633194559622935e-11,5.207957675260062e-11,5.141672928501556e-11,5.139364726485153e-11,5.1580191905832886e-11,5.182371416704137e-11,5.207043664240665e-11,5.2302398577835694e-11,5.2514597830360876e-11,5.2706636172558924e-11,5.28796656681378e-11,5.303527993136597e-11,5.317511891129031e-11,5.3300734777116485e-11,5.3413552723086396e-11,5.3514865724090116e-11,5.3605840926866125e-11,5.3687529552146315e-11,5.376087738702504e-11,5.382673485319995e-11,5.38858663322908e-11,5.393895868131067e-11,5.398662896060856e-11,5.4029431426126107e-11,5.406786384523651e-11,5.410237319549396e-11,5.413336080231237e-11,5.4161186967797404e-11,5.418617513873517e-11,5.4208615657816534e-11,5.4228769138319026e-11,5.4246869498794144e-11,5.426312669120534e-11,5.4277729152681075e-11,5.429084600832285e-11,5.4302629049861815e-11,5.431321451259462e-11,5.432272467094262e-11,5.4331269270892465e-11,5.4338946815786564e-11,5.4345845720365065e-11,5.4352045346523087e-11,5.435761693268038e-11,5.436262442780654e-11,5.436712523971319e-11,5.4371170906452716e-11,5.437480769870301e-11,5.437807716021087e-11,5.438101659264937e-11,5.4383659490611655e-11,5.438603593187143e-11,5.438817292753943e-11,5.439009473615973e-11,5.439182314555512e-11,5.439337772569498e-11,5.4394776055589125e-11,5.439603392684475e-11,5.439716552633969e-11,5.4398183600146837e-11,5.4399099600651454e-11,5.439992381848986e-11,5.440066550110955e-11,5.4401332959038806e-11,5.440193366134087e-11,5.440247432130544e-11,5.4402960973314834e-11,5.4403399041892935e-11,5.440379340368962e-11,5.440414844311281e-11,5.440446810229617e-11,5.440475592597271e-11,5.4405015101757957e-11,5.440524849630303e-11,5.4405458687849604e-11,5.440564799536004e-11,5.4405818504753945e-11,5.440597209247128e-11,5.4406110446633257e-11,5.4406235086007184e-11,5.4406347377136406e-11,5.440644854965928e-11,5.440653971011752e-11,5.440662185431366e-11,5.4406695878502246e-11,5.4406762589368766e-11,5.440682271302956e-11,5.4406876903120054e-11,5.440692574810365e-11,5.44069697777567e-11,5.4407009469084323e-11,5.44070452515996e-11,5.4407077512068726e-11,5.440710659880379e-11,5.4407132825486406e-11,5.44071564746433e-11